\ Generated by tools/packrooms.py: do not edit.

\ Room r's bit stream is at packed_rooms + packed_offsets[r - 1].
.packed_offsets
    EQUW    0,   76,  137,  194,  241,  336,  383,  469
    EQUW  544,  599,  661,  721,  764,  826,  873,  926
    EQUW  992, 1072, 1143, 1222, 1320, 1381, 1442, 1497
    EQUW 1556, 1613, 1690, 1740, 1791, 1873, 1903, 1954
    EQUW 2005, 2071, 2117, 2179, 2269, 2354, 2574, 2654
    EQUW 2705, 2727, 2804, 2880, 2943, 2998, 3060, 3152
    EQUW 3284, 3371, 3429, 3471, 3565, 3629, 3727, 3794
    EQUW 3887, 3952, 4027, 4101, 4139, 4215, 4293, 4384
    EQUW 4458, 4544, 4613, 4678, 4744, 4812, 4969, 5000
    EQUW 5031, 5064, 5100, 5134, 5185, 5225, 5281, 5318
    EQUW 5365, 5442, 5502, 5559, 5652, 5700, 5770, 5835
    EQUW 5899, 5957, 5998, 6086, 6146, 6203, 6264, 6344
    EQUW 6392, 6450, 6492, 6552, 6622, 6699, 6778, 6864
    EQUW 6920, 6980, 7103, 7151, 7215, 7246, 7290, 7354
    EQUW 7405, 7478, 7520, 7608, 7648, 7684, 7703, 7720
ROOM_BUFFER_SIZE = 385
