9293
9417
9522
9719
9805
5261
8119
8575
8709
8807
9615
7110
6175
5561
5463
5341
8283
8441
8929
9081
7190
6988
6291
5647
1252
1368
13567
12621
12490
10005
7306
6890
6395
5757
1124
1526
13430
12698
12361
10049
7404
6744
6503
5843
5949
6059
13280
13083
12217
10141
7436
7497
6635
11915
11787
11329
11217
10821
10574
10251
7657
7789
7931
12087
11632
11499
11089
10967
10699
10313
3624
3662
3706
3754
3798
3848
3920
3976
4057
4107
5115
122
244
2852
3027
3107
3223
3351
3461
3565
4963
0
360
476
571
877
2372
2472
2546
2717
4829
4560
4304
695
784
942
2149
2218
2328
2656
4724
4468
4164
1708
1773
1916
1974
2026
2052
2072
